Mi(0) = -3.0
Autovalor(0) = 4.8739463786496025
Autovetor(0) = 4.8739463786496025
---
Mi(1) = -1.68
Autovalor(1) = 4.873946378649639
Autovetor(1) = 4.873946378649639
---
Mi(2) = -0.3599999999999999
Autovalor(2) = 4.87394637864937
Autovetor(2) = 4.87394637864937
---
Mi(3) = 0.96
Autovalor(3) = 4.873946378649336
Autovetor(3) = 4.873946378649336
---
Mi(4) = 2.2800000000000002
Autovalor(4) = 4.873946378649222
Autovetor(4) = 4.873946378649222
---
Mi(5) = 3.6000000000000005
Autovalor(5) = 4.87394637864922
Autovetor(5) = 4.87394637864922
---
Mi(6) = 4.92
Autovalor(6) = 4.873946378649212
Autovetor(6) = 4.873946378649212
---
Mi(7) = 6.24
Autovalor(7) = 4.873946378649186
Autovetor(7) = 4.873946378649186
---
Mi(8) = 7.5600000000000005
Autovalor(8) = 8.663567906476858
Autovetor(8) = 8.663567906476858
---
Mi(9) = 8.88
Autovalor(9) = 8.663567906476837
Autovetor(9) = 8.663567906476837
---
Mi(10) = 10.200000000000001
Autovalor(10) = 10.93677450861477
Autovetor(10) = 10.93677450861477
---
Mi(11) = 11.520000000000001
Autovalor(11) = 10.936774508614747
Autovetor(11) = 10.936774508614747
---
Mi(12) = 12.84
Autovalor(12) = 13.50053662389639
Autovetor(12) = 13.50053662389639
---
Mi(13) = 14.16
Autovalor(13) = 13.500536623896377
Autovetor(13) = 13.500536623896377
---
Mi(14) = 15.48
Autovalor(14) = 13.50053662389635
Autovetor(14) = 13.50053662389635
---
Mi(15) = 16.8
Autovalor(15) = 13.500536623896252
Autovetor(15) = 13.500536623896252
---
Mi(16) = 18.12
Autovalor(16) = 13.500536623896245
Autovetor(16) = 13.500536623896245
---
Mi(17) = 19.44
Autovalor(17) = 13.500536623894149
Autovetor(17) = 13.500536623894149
---
Mi(18) = 20.76
Autovalor(18) = 26.02517458236325
Autovetor(18) = 26.02517458236325
---
Mi(19) = 22.080000000000002
Autovalor(19) = 26.02517458236285
Autovetor(19) = 26.02517458236285
---
Mi(20) = 23.400000000000002
Autovalor(20) = 26.02517458236283
Autovetor(20) = 26.02517458236283
---
Mi(21) = 24.720000000000002
Autovalor(21) = 26.025174582362826
Autovetor(21) = 26.025174582362826
---
Mi(22) = 26.040000000000003
Autovalor(22) = 26.025174582362823
Autovetor(22) = 26.025174582362823
---
Mi(23) = 27.360000000000003
Autovalor(23) = 26.025174582362823
Autovetor(23) = 26.025174582362823
---
Mi(24) = 28.68
Autovalor(24) = 26.025174582362823
Autovetor(24) = 26.025174582362823
---
Mi(25) = 30.0
Autovalor(25) = 26.025174582362816
Autovetor(25) = 26.025174582362816
---
